
  "NOD_BASE_THRESHOLD": 0.06,
  "NOD_DISTANCE_SCALE": 0.55,
  "NOD_COOLDOWN_MS": 1200,
  "SMOOTHING": 0.3,
  "TARGET_RADIUS_PX": 38,
  "refFaceHeight": 0.30705347855885823,
  "baselineNoseY": 0.5680143189940339,
  "capturedAt": "2026-04-11T10:00:19.871Z"